4.1068
3.7878
2.495e-06
6.94352
3.1458
2.495e-06
3.23504
3.18244
2.64032
2.40724
5.30556
7.46032
2.495e-06
2.495e-06
3.09152
2.96132
3.02592
2.495e-06
3.0106
4.59896
2.495e-06
2.495e-06
2.495e-06
2.19312
2.63632
2.495e-06
5.17736
2.495e-06
2.495e-06
2.495e-06
4.50872
2.32255
2.32255
3.28448
2.90608
2.50404
1.47484
5.87612
1.13812
2.495e-06
2.495e-06
2.565
2.495e-06
2.495e-06
0.578962
2.495e-06
2.495e-06
0.661882
2.495e-06
1.1904
1.65968
0.934962
1.21204
1.24668
0.953282
0.939962
1.6034
2.69856
2.495e-06
2.495e-06
0.0897625
2.495e-06
2.495e-06
0.332762
2.495e-06
2.495e-06
2.495e-06
2.495e-06
2.495e-06
2.495e-06
2.495e-06
2.495e-06
2.495e-06
2.53788
4.11908
2.495e-06
2.495e-06
2.495e-06
0.0897625
0.0870425
19.6926
650.59
1.21724
4.30032
3.28616
1.9292
2.495e-06
0.297122
3.56536
5.05428
1.3122
2.495e-06
4.29424
6.13528
5.68064
0.456842
3.50132
2.2968
4.746
2.40124
4.02432
1.3092
1.41272
1.27092
0.827722
0.165242
2.495e-06
0.342122
0.0680025
2.495e-06
0.0894025
0.193642
1.33716
0.220002
0.0482825
6.53972
2.32255
2.31176
2.495e-06
0.312762
3.09136
6.69592
14.5689
2.32255
2.32255
6.56604
7.57112
2.32255
3.96916
3.54524
3.3208
4.53296
3.3278
3.67012
2.32255
6.04952
4.17596
1.4108
4.23092
2.44036
0.609962
1.93856
1.48572
5.174
5.57796
4.71844
2.17564
5.17768
7.40728
19.0899
4.84532
5.23692
3.51756
5.85392
4.46512
5.02192
4.07672
3.1624
2.03756
3.86404
2.49032
7.67788
37.315
2.32255
575.605
437.194
479.617
16.1401
6.45328
5.19664
2.32255
23.9616
2.32255
15.0674
6.816
2.32255
6.90752
3.50224
7.02932
2.32255
20.4943
6.9786
24.0463
36.1186
7.67268
4.00648
3.91788
4.51604
6.65088
1.97564
2.47484
2.5188
2.48084
2.5954
2.68432
3.2528
2.32255
5.51884
7.33396
5.0882
6.70648
6.31716
2.75292
4.43576
2.97172
3.27812
4.12104
2.49216
2.64668
1.14476
6.51632
3.96252
3.75952
2.32255
5.42708
5.09436
4.81728
2.32255
28.867
5.91832
3.83912
3.71688
7.00504
18.4697
19.5787
2.32255
7.51828
2.32255
5.36912
3.70056
5.9816
17.2371
3.46276
2.796
3.99432
2.495e-06
1.222
3.84044
5.76312
4.4406
2.62948
2.3354
1.03616
2.32255
2.32255
2.32255
2.32255
2.32255
20.4795
19.8085
2.32255
6.21028
5.6458
5.01904
2.495e-06
6.86236
2.32255
5.09064
4.03296
1.83472
1.99556
4.71132
3.76488
2.93632
4.7756
4.2088
6.46804
5.97516
6.60292
14.1428
16.4241
7.3226
6.17632
7.65428
5.36016
7.53904
6.5572
7.1164
18.4165
2.32255
2.32255
5.21428
2.32255
22.8674
2.32255
6.63348
5.86676
6.44196
7.32156
7.02848
2.32255
2.32255
2.32255
4.21868
7.586
5.17564
16.3989
7.10708
7.63896
3.55048
6.20316
3.70504
2.32255
2.495e-06
2.495e-06
4.91236
7.40812
3.59996
4.19952
2.32255
319.321
44.4604
2.32255
6.86412
3.58464
2.32255
313.039
41.7676
4.472
2.32255
2.32255
20.6718
310.807
15.2178
2.495e-06
18.0727
14.9889
80.4415
5.62356
2.32255
2.32255
5.29844
6.48768
6.36376
6.11012
6.70852
2.32255
2.73052
5.97184
3.10596
3.53072
2.16988
2.32255
2.495e-06
4.66612
2.32255
2.3904
4.11108
3.1366
2.495e-06
2.43404
3.94716
2.495e-06
2.495e-06
2.495e-06
2.32255
400.432
318.787
164.384
6.79948
2.98104
2.64324
3.55004
2.495e-06
3.13228
3.13228
3.13228
