3.588349873
4.566990748
3.914563498
4.175534398
5.023689823
3.066408074
2.637670167
1.668349681
1.258252553
1.183689439
1.873398246
1.370097224
1.146407882
7.111457022
2.246213817
1.407378782
1.966602138
1.183689439
0.9506797067
0.9227193693
0.7176706206
0.9786408746
5.154175273
1.826796299
1.29553411
1.332815667
1.407378782
2.013204085
2.525825495
1.407378782
1.146407882
6.198058872
21.79106818
19.1906798
16.59961182
9.786407865
49.0345636
16.36194191
10.82097098
12.21902925
15.41126229
13.37475742
8.351068796
7.698641547
4.240777123
