2.906563397
3.699262506
3.170796434
3.382182862
4.52132084
2.48379054
2.136512835
0.8008078471
0.6039612254
0.5681709306
0.8992311579
0.6576466677
0.5502757832
6.40031132
1.819433192
0.6755418151
1.592947732
0.5681709306
0.4563262592
0.4429052973
0.3444818979
0.4697476198
4.638757745
0.8768622236
0.6218563729
0.6397515203
0.6755418151
1.630695309
2.045918651
0.6755418151
0.5502757832
5.578252985
19.61196136
17.27161182
14.93965063
8.807767078
45.60214415
14.72574772
9.738873884
10.99712632
13.87013606
12.03728167
7.515961917
6.928777392
3.43502947
